0	0
0.000208	-0.02
0.000415	-0.04
0.000623	-0.06
0.000826	-0.08
0.00104	-0.1
0.00125	-0.12
0.0014	-0.14
0.00152	-0.16
0.00163	-0.18
0.00173	-0.2
0.00183	-0.22
0.00193	-0.24
0.00202	-0.26
0.0021	-0.28
0.00218	-0.3
0.00226	-0.32
0.00233	-0.34
0.00239	-0.36
0.00246	-0.38
0.00253	-0.4
0.00259	-0.42
0.00265	-0.44
0.0027	-0.46
0.00276	-0.48
0.00282	-0.5
0.00287	-0.52
0.00292	-0.54
0.00297	-0.5600000000000001
0.00302	-0.58
0.00306	-0.6
0.0031	-0.62
0.00315	-0.64
0.00319	-0.66
0.00323	-0.68
0.00326	-0.7
0.0033	-0.72
0.00334	-0.74
0.00337	-0.76
0.00341	-0.78
0.00344	-0.8
0.00347	-0.82
0.0035	-0.84
0.00353	-0.86
0.00356	-0.88
0.00359	-0.9
0.00362	-0.92
0.00364	-0.9399999999999999
0.00367	-0.96
0.00369	-0.98
0.00372	-1
0.00374	-1.02
0.00377	-1.04
0.00379	-1.06
0.00381	-1.08
0.00383	-1.1
0.00385	-1.12
0.00387	-1.14
0.00389	-1.16
0.00391	-1.18
0.00392	-1.2
0.00394	-1.22
0.00396	-1.24
0.00397	-1.26
0.00399	-1.28
0.00401	-1.3
0.00402	-1.32
0.00403	-1.34
0.00405	-1.36
0.00406	-1.38
0.00407	-1.4
0.00408	-1.42
0.0041	-1.44
0.00411	-1.46
0.00412	-1.48
0.00413	-1.5
0.00414	-1.52
0.00415	-1.54
0.00416	-1.56
0.00417	-1.58
0.00418	-1.6
0.00419	-1.62
0.00419	-1.64
0.0042	-1.66
0.00421	-1.68
0.00422	-1.7
0.00422	-1.72
0.00423	-1.74
0.00424	-1.76
0.00424	-1.78
0.00425	-1.8
0.00426	-1.82
0.00426	-1.84
0.00427	-1.86
0.00427	-1.88
0.00428	-1.9
0.00428	-1.92
0.00429	-1.94
0.00429	-1.96
0.0043	-1.98
0.0043	-2
0.0043	-2.02
0.00431	-2.04
0.00431	-2.06
0.00432	-2.08
0.00432	-2.1
0.00432	-2.12
0.00433	-2.14
0.00433	-2.16
0.00433	-2.18
0.00434	-2.2
0.00434	-2.22
0.00434	-2.24
0.00434	-2.26
0.00435	-2.28
0.00435	-2.3
0.00435	-2.32
0.00435	-2.34
0.00435	-2.36
0.00436	-2.38
0.00436	-2.4
0.00436	-2.42
0.00436	-2.44
0.00436	-2.46
0.00437	-2.48
0.00437	-2.5
0.00437	-2.52
0.00437	-2.54
0.00437	-2.56
0.00437	-2.58
0.00437	-2.6
0.00438	-2.62
0.00438	-2.64
0.00438	-2.66
0.00438	-2.68
0.00438	-2.7
0.00438	-2.72
0.00438	-2.74
0.00438	-2.76
0.00438	-2.78
0.00438	-2.8
0.00439	-2.82
0.00439	-2.84
0.00439	-2.86
0.00439	-2.88
0.00439	-2.9
0.00439	-2.92
0.00439	-2.94
0.00439	-2.96
0.00439	-2.98
0.00439	-3
0.00439	-3.02
0.00439	-3.04
0.00439	-3.06
0.00439	-3.08
0.00439	-3.1
0.00439	-3.12
0.00439	-3.14
0.00439	-3.16
0.00439	-3.18
0.0044	-3.2
0.0044	-3.22
0.0044	-3.24
0.0044	-3.26
0.0044	-3.28
0.0044	-3.3
0.0044	-3.32
0.0044	-3.34
0.0044	-3.36
0.0044	-3.38
0.0044	-3.4
0.0044	-3.42
0.0044	-3.44
0.0044	-3.46
0.0044	-3.48
0.0044	-3.5
0.0044	-3.52
0.0044	-3.54
0.0044	-3.56
0.0044	-3.58
0.0044	-3.6
0.0044	-3.62
0.0044	-3.64
0.0044	-3.66
0.0044	-3.68
0.0044	-3.7
0.0044	-3.72
0.0044	-3.74
0.0044	-3.76
0.0044	-3.78
0.0044	-3.8
0.0044	-3.82
0.0044	-3.84
0.0044	-3.86
0.0044	-3.88
0.0044	-3.9
0.0044	-3.92
0.0044	-3.94
0.0044	-3.96
0.0044	-3.98
0.0044	-4
0.0044	-4.02
0.0044	-4.04
0.0044	-4.06
0.0044	-4.08
0.0044	-4.1
0.0044	-4.12
0.0044	-4.14
0.0044	-4.16
0.0044	-4.18
0.0044	-4.2
0.0044	-4.22
0.0044	-4.24
0.0044	-4.26
0.0044	-4.28
0.0044	-4.3
0.0044	-4.32
0.0044	-4.34
0.0044	-4.36
0.0044	-4.38
0.0044	-4.4
0.0044	-4.42
0.0044	-4.44
0.0044	-4.46
0.0044	-4.48
0.0044	-4.5
0.0044	-4.52
0.0044	-4.54
0.0044	-4.56
0.0044	-4.58
0.0044	-4.6
0.0044	-4.62
0.0044	-4.64
0.0044	-4.66
0.0044	-4.68
0.0044	-4.7
0.0044	-4.72
0.0044	-4.74
0.0044	-4.76
0.0044	-4.78
0.0044	-4.8
0.0044	-4.82
0.0044	-4.84
0.0044	-4.86
0.0044	-4.88
0.0044	-4.9
0.0044	-4.92
0.0044	-4.94
0.0044	-4.96
0.0044	-4.98
0.0044	-5
0.0044	-5.02
0.0044	-5.04
0.0044	-5.06
0.0044	-5.08
0.0044	-5.1
0.0044	-5.12
0.0044	-5.14
0.0044	-5.16
0.0044	-5.18
0.0044	-5.2
0.0044	-5.22
0.0044	-5.24
0.0044	-5.26
0.0044	-5.28
0.0044	-5.3
0.0044	-5.32
0.0044	-5.34
0.0044	-5.36
0.0044	-5.38
0.0044	-5.4
0.0044	-5.42
0.0044	-5.44
0.0044	-5.46
0.0044	-5.48
0.0044	-5.5
0.0044	-5.52
0.0044	-5.54
0.0044	-5.56
0.0044	-5.58
0.0044	-5.6
0.0044	-5.62
0.0044	-5.64
0.0044	-5.66
0.0044	-5.68
0.0044	-5.7
0.0044	-5.72
0.0044	-5.74
0.0044	-5.76
0.0044	-5.78
0.0044	-5.8
0.0044	-5.82
0.0044	-5.84
0.0044	-5.86
0.0044	-5.88
0.0044	-5.9
0.0044	-5.92
0.0044	-5.94
0.0044	-5.96
0.0044	-5.98
0.0044	-6
0.0044	-6.02
0.0044	-6.04
0.0044	-6.06
0.0044	-6.08
0.0044	-6.1
0.0044	-6.12
0.0044	-6.14
0.0044	-6.16
0.0044	-6.18
0.0044	-6.2
0.0044	-6.22
0.0044	-6.24
0.0044	-6.26
0.0044	-6.28
0.0044	-6.3
0.0044	-6.32
0.0044	-6.34
0.0044	-6.36
0.0044	-6.38
0.0044	-6.4
0.0044	-6.42
0.0044	-6.44
0.0044	-6.46
0.0044	-6.48
0.0044	-6.5
0.0044	-6.52
0.0044	-6.54
0.0044	-6.56
0.0044	-6.58
0.0044	-6.6
0.0044	-6.62
0.0044	-6.64
0.0044	-6.66
0.0044	-6.68
0.0044	-6.7
0.0044	-6.72
0.0044	-6.74
0.0044	-6.76
0.0044	-6.78
0.0044	-6.8
0.0044	-6.82
0.0044	-6.84
0.0044	-6.86
0.0044	-6.88
0.0044	-6.9
0.0044	-6.92
0.0044	-6.94
0.0044	-6.96
0.0044	-6.98
0.0044	-7
0.0044	-7.02
0.0044	-7.04
0.0044	-7.06
0.0044	-7.08
0.0044	-7.1
0.0044	-7.12
0.0044	-7.14
0.0044	-7.16
0.0044	-7.18
0.0044	-7.2
0.0044	-7.22
0.0044	-7.24
0.0044	-7.26
0.0044	-7.28
0.0044	-7.3
0.0044	-7.32
0.0044	-7.34
0.0044	-7.36
0.0044	-7.38
0.0044	-7.4
0.0044	-7.42
0.0044	-7.44
0.0044	-7.46
0.0044	-7.48
0.0044	-7.5
0.0044	-7.52
0.0044	-7.54
0.0044	-7.56
0.0044	-7.58
0.0044	-7.6
0.0044	-7.62
0.0044	-7.64
0.0044	-7.66
0.0044	-7.68
0.0044	-7.7
0.0044	-7.72
0.0044	-7.74
0.0044	-7.76
0.0044	-7.78
0.0044	-7.8
0.0044	-7.82
0.0044	-7.84
0.0044	-7.86
0.0044	-7.88
0.0044	-7.9
0.0044	-7.92
0.0044	-7.94
0.0044	-7.96
0.0044	-7.98
0.0044	-8
0.0044	-8.02
0.0044	-8.039999999999999
0.0044	-8.06
0.0044	-8.08
0.0044	-8.1
0.0044	-8.119999999999999
0.0044	-8.140000000000001
0.0044	-8.16
0.0044	-8.18
0.0044	-8.199999999999999
0.0044	-8.220000000000001
0.0044	-8.24
0.0044	-8.26
0.0044	-8.279999999999999
0.0044	-8.300000000000001
0.0044	-8.32
0.0044	-8.34
0.0044	-8.359999999999999
0.0044	-8.380000000000001
0.0044	-8.4
0.0044	-8.42
0.0044	-8.44
0.0044	-8.460000000000001
0.0044	-8.48
0.0044	-8.5
0.0044	-8.52
0.0044	-8.539999999999999
0.0044	-8.56
0.0044	-8.58
0.0044	-8.6
0.0044	-8.619999999999999
0.0044	-8.640000000000001
0.0044	-8.66
0.0044	-8.68
0.0044	-8.699999999999999
0.0044	-8.720000000000001
0.0044	-8.74
0.0044	-8.76
0.0044	-8.779999999999999
0.0044	-8.800000000000001
0.0044	-8.82
0.0044	-8.84
0.0044	-8.859999999999999
0.0044	-8.880000000000001
0.0044	-8.9
0.0044	-8.92
0.0044	-8.94
0.0044	-8.960000000000001
0.0044	-8.98
0.0044	-9
0.0044	-9.02
0.0044	-9.039999999999999
0.0044	-9.06
0.0044	-9.08
0.0044	-9.1
0.0044	-9.119999999999999
0.0044	-9.140000000000001
0.0044	-9.16
0.0044	-9.18
0.0044	-9.199999999999999
0.0044	-9.220000000000001
0.0044	-9.24
0.0044	-9.26
0.0044	-9.279999999999999
0.0044	-9.300000000000001
0.0044	-9.32
0.0044	-9.34
0.0044	-9.359999999999999
0.0044	-9.380000000000001
0.0044	-9.4
0.0044	-9.42
0.0044	-9.44
0.0044	-9.460000000000001
0.0044	-9.48
0.0044	-9.5
0.0044	-9.52
0.0044	-9.539999999999999
0.0044	-9.56
0.0044	-9.58
0.0044	-9.6
0.0044	-9.619999999999999
0.0044	-9.640000000000001
0.0044	-9.66
0.0044	-9.68
0.0044	-9.699999999999999
0.0044	-9.720000000000001
0.0044	-9.74
0.0044	-9.76
0.0044	-9.779999999999999
0.0044	-9.800000000000001
0.0044	-9.82
0.0044	-9.84
0.0044	-9.859999999999999
0.0044	-9.880000000000001
0.0044	-9.9
0.0044	-9.92
0.0044	-9.94
0.0044	-9.960000000000001
0.0044	-9.98
0.0044	-10
